11
10
103.66 103.66 103.66 103.66 103.66 103.66 103.66 103.66 103.66 103.66 
 10.19  56.34  74.19  82.14  85.93  87.46  87.11  84.09  75.25  50.14 
 10.19  37.33  54.61  64.76  70.46  73.14  73.24  70.33  63.10  50.14 
 10.19  28.17  42.14  51.82  58.00  61.40  62.36  60.87  56.69  50.14 
 10.19  23.02  33.97  42.36  48.29  52.06  53.94  54.08  52.65  50.14 
 10.19  19.76  28.32  35.34  40.72  44.60  47.22  48.83  49.69  50.14 
 10.19  17.50  24.20  29.92  34.61  38.38  41.50  44.31  47.13  50.14 
 10.19  15.85  21.02  25.52  29.38  32.78  36.07  39.75  44.37  50.14 
 10.19  14.67  18.50  21.74  24.57  27.25  30.22  34.22  40.45  50.14 
 10.19  14.15  16.55  18.35  19.89  21.42  23.33  26.46  33.06  50.14 
 15.20  15.20  15.20  15.20  15.20  15.20  15.20  15.20  15.20  15.20 
