10
11
103.66 103.66  10.19 103.66 103.66 103.66 103.66 103.66 103.66 103.66 103.66 
 10.19  46.62  42.13  70.76  81.47  85.92  87.54  87.16  84.09  75.24  50.14 
 10.19  30.50  40.95  55.79  65.54  70.99  73.43  73.33  70.31  63.07  50.14 
 10.19  24.25  35.37  45.92  53.89  59.09  61.84  62.42  60.75  56.58  50.14 
 10.19  20.92  30.39  38.59  45.04  49.59  52.44  53.75  53.68  52.35  50.14 
 10.19  18.87  26.66  33.04  38.05  41.83  44.55  46.48  47.87  49.02  50.14 
 10.19  17.71  24.33  28.85  32.29  35.08  37.47  39.73  42.30  45.69  50.14 
 10.19  17.47  24.07  25.75  27.17  28.75  30.51  32.68  35.89  41.30  50.14 
 10.19  17.90  28.76  22.89  21.88  22.24  23.13  24.57  27.29  33.48  50.14 
 15.20  15.20  50.14  15.20  15.20  15.20  15.20  15.20  15.20  15.20  15.20 
